time_hours,Reliability,P_fail,P_H,P_M,P_C,P_Q,P_MC,P_QM,P_QC,P_F
0.0,1.0,0.0,1.0,0.0,0.0,0.0,0.0,0.0,0.0,0.0
0.5,0.9999675991178731,3.2400882126889196e-05,0.9998818069853448,2.8791355696546188e-05,2.9985658077271966e-06,5.400204762047592e-05,8.60852912591572e-11,6.998500439457613e-11,7.333291120115015e-12,3.2400882126889196e-05
1.0,0.9999014444101912,9.855558980874398e-05,0.9997636279402784,5.75654286109493e-05,5.994264861132694e-06,7.425630095708787e-05,3.430887351640037e-10,1.2071719172730037e-10,1.167789656714147e-11,9.855558980874398e-05
1.5,0.9998226282821531,0.0001773717178469308,0.9996454628631495,8.632222747716133e-05,8.987099604011915e-06,8.18551625891772e-05,7.691460377343322e-10,1.4644255174275987e-10,1.3744773091257827e-11,0.0001773717178469308
2.0,0.9997390603819071,0.00026093961809293926,0.9995273117523072,0.00011506176102487623,1.1977072478107802e-05,8.47082611180347e-05,1.3624118777502819e-09,1.5792672745474703e-10,1.4640294301114825e-11,0.00026093961809293926
2.5,0.9996537068276904,0.00034629317230957905,0.9994091746061008,0.00014378403797953197,1.4964185923112532e-05,8.578169887700603e-05,2.1210597145742565e-09,1.6274056323176874e-10,1.5009588355314236e-11,0.00034629317230957905
3.0,0.9995676799165369,0.00043232008346302575,0.9992910514228801,0.00017248906706231272,1.794844237666925e-05,8.618776108919852e-05,3.0432815979187755e-09,1.646893746114774e-10,1.5157702509527894e-11,0.00043232008346302575
3.5,0.9994813967637542,0.0005186032362458036,0.9991729422009944,0.0002011768569901506,2.092984427437376e-05,8.634355352653583e-05,4.1272879795405514e-09,1.65464361753853e-10,1.5216336161253246e-11,0.0005186032362458036
4.0,0.9993950137920422,0.0006049862079578378,0.9990548469387939,0.00022984741647572807,2.3908394049776267e-05,8.640549040374955e-05,5.371307526841302e-09,1.6577196807450148e-10,1.523962151857744e-11,0.0006049862079578378
4.5,0.9993085896646011,0.0006914103353989262,0.9989367656346283,0.00025850075422747973,2.6884094134383077e-05,8.643222687806867e-05,6.7735869383559694e-09,1.6589686362767705e-10,1.5249159061980354e-11,0.0006914103353989262
5.0,0.9992221463849144,0.0007778536150856011,0.998818698286848,0.00028713687894959454,2.985694695765831e-05,8.644575856389402e-05,8.332390761109262e-09,1.659512009988e-10,1.525340563303647e-11,0.0007778536150856011
5.5,0.9991356922091138,0.0008643077908862134,0.9987006448938033,0.0003157557993420178,3.2826954947025624e-05,8.64543337860346e-05,1.0046001209821573e-08,1.6597851428292765e-10,1.5255630329866372e-11,0.0008643077908862134
6.0,0.9990492302380946,0.0009507697619054494,0.9985826054538453,0.0003443575241004533,3.579412052786992e-05,8.646104565038328e-05,1.191271798794559e-08,1.6599553257517632e-10,1.5257085871454623e-11,0.0009507697619054494
6.5,0.9989627616395506,0.0010372383604494067,0.9984645799653243,0.0003729420619163651,3.875844612353903e-05,8.646705406131136e-05,1.3930858110514988e-08,1.6600863968785982e-10,1.5258249375884885e-11,0.0010372383604494067
7.0,0.9988762868562342,0.0011237131437657959,0.9983465684265918,0.00040150942147698,4.171993415534545e-05,8.647279397477515e-05,1.6098755728786958e-08,1.6602025972688498e-10,1.525930177613801e-11,0.0011237131437657959
7.5,0.9987898060590522,0.0012101939409478405,0.9982285708359988,0.00043005961146528915,4.4678587042568055e-05,8.647842849194917e-05,1.841476195666032e-08,1.6603130997298104e-10,1.5260311473246368e-11,0.0012101939409478405
8.0,0.9987033193169762,0.0012966806830238078,0.9981105871918967,0.00045859264056005033,4.7634407202453754e-05,8.648401876885704e-05,2.0877244698851264e-08,1.6604213665010432e-10,1.5261304267823832e-11,0.0012966806830238078
8.5,0.9986168266607591,0.0013831733392408638,0.9979926174926372,0.00048710851743579006,5.058739705021925e-05,8.648958773230211e-05,2.3484588480808987e-08,1.660528701963391e-10,1.5262289875427567e-11,0.0013831733392408638
9.0,0.9985303281068283,0.0014696718931716867,0.9978746617365719,0.0005156072507628054,5.353755899905269e-05,8.649514397327267e-05,2.623519428035348e-08,1.6606355968195017e-10,1.5263271949604945e-11,0.0014696718931716867
9.5,0.9984438236662454,0.0015561763337545774,0.9977567199220533,0.0005440888492071666,5.6484895460115444e-05,8.650069070694261e-05,2.9127479361018194e-08,1.6607422354190322e-10,1.526425186240813e-11,0.0015561763337545774
10.0,0.9983573133480664,0.001642686651933607,0.9976387920474333,0.000572553321430718,5.9429408842543706e-05,8.650622913266109e-05,3.215987710708012e-08,1.6608486868961562e-10,1.5265230128082474e-11,0.001642686651933607
10.5,0.9982707971606012,0.0017292028393987788,0.9975208781110643,0.0006010006760910812,6.237110155345024e-05,8.651175969394408e-05,3.53308368602604e-08,1.6609549770895753e-10,1.5266206938592913e-11,0.0017292028393987788
11.0,0.9981842751118863,0.00181572488811369,0.9974029781112987,0.0006294309218416566,6.530997599792608e-05,8.651728255096883e-05,3.8638823758078446e-08,1.6610611155790545e-10,1.5267182364896615e-11,0.00181572488811369
11.5,0.9980977472098616,0.0019022527901385012,0.9972850920464896,0.0006578440673316254,6.824603457904224e-05,8.652279775775781e-05,4.208231857384281e-08,1.661167105842291e-10,1.5268156432543448e-11,0.0019022527901385012
12.0,0.9980112134624364,0.001988786537563649,0.9971672199149899,0.0006862401212059518,7.117927969785135e-05,8.652830532862144e-05,4.5659817558262254e-08,1.6612729490686928e-10,1.526912915005982e-11,0.001988786537563649
12.5,0.9979246738775149,0.002075326122485084,0.9970493617151529,0.0007146190921053853,7.41097137533894e-05,8.653380526307312e-05,4.9369832282660715e-08,1.661378645590885e-10,1.5270100519601718e-11,0.002075326122485084
13.0,0.9978381284630049,0.0021618715369950774,0.9969315174453317,0.0007429809886664617,7.703733914267742e-05,8.653929755517126e-05,5.32108894837797e-08,1.6614841954218746e-10,1.5271070540951906e-11,0.0021618715369950774
13.5,0.9977515772268212,0.002248422773178873,0.9968136871038799,0.0007713258195215063,7.996215826072311e-05,8.654478219702168e-05,5.718153091015226e-08,1.6615895984565734e-10,1.5272039213019474e-11,0.002248422773178873
14.0,0.9976650201768865,0.002334979823113521,0.9966958706891517,0.0007996535932986361,8.288417350052268e-05,8.655025918008995e-05,6.12803131700326e-08,1.6616948545473744e-10,1.5273006534402138e-11,0.002334979823113521
14.5,0.9975784573211325,0.0024215426788675326,0.9965780681995005,0.00082796431862176,8.580338725306233e-05,8.655572849569262e-05,6.55058075808653e-08,1.6617999635324832e-10,1.5273972503596977e-11,0.0024215426788675326
15.0,0.9974918886674992,0.0025081113325008436,0.9964602796332807,0.0008562580041105828,8.871980190732009e-05,8.656119013518043e-05,6.985660002027902e-08,1.6619049252465282e-10,1.5274937119079347e-11,0.0025081113325008436
15.5,0.9974053142239351,0.00259468577606489,0.9963425049888466,0.0008845346583806064,9.163341985026746e-05,8.656664409000615e-05,7.433129077858883e-08,1.6620097395245186e-10,1.5275900379332275e-11,0.00259468577606489
16.0,0.9973187339983973,0.0026812660016027265,0.9962247442645529,0.000912794290043132,9.454424346687108e-05,8.657209035174906e-05,7.892849441279222e-08,1.662114406203314e-10,1.5276862282857353e-11,0.0026812660016027265
16.5,0.9972321479988508,0.002767852001149156,0.9961069974587541,0.0009410369077052617,9.745227514009436e-05,8.657752891212317e-05,8.364683960204331e-08,1.6622189251221547e-10,1.527782282817862e-11,0.002767852001149156
17.0,0.9971455562332692,0.0028544437667308714,0.9959892645698053,0.0009692625199699012,0.00010035751725089929,8.65829597629795e-05,8.848496900459069e-08,1.662323296122847e-10,1.5278782013843894e-11,0.0028544437667308714
17.5,0.9970589587096335,0.0029410412903665903,0.9958715455960615,0.0009974711354357616,0.000103259972178248,8.658838289630598e-05,9.344153911616376e-08,1.6624275190498114e-10,1.527973983842509e-11,0.0029410412903665903
18.0,0.9969723554359328,0.0030276445640671935,0.9957538405358781,0.0010256627626973609,0.00010615964229910449,8.659379830422648e-05,9.851522012979307e-08,1.662531593750086e-10,1.5280696300518186e-11,0.0030276445640671935
18.5,0.9968857464201641,0.003114253579835861,0.9956361493876107,0.001053837410345027,0.00010905652998843628,8.659920597899966e-05,1.0370469579705006e-07,1.6626355200733105e-10,1.5281651398743074e-11,0.003114253579835861
19.0,0.9967991316703317,0.003200868329668208,0.9955184721496149,0.001081995086964899,0.00011195063761921612,8.660460591301762e-05,1.0900866329069185e-07,1.6627392978717025e-10,1.5282605131743317e-11,0.003200868329668208
19.5,0.9967125111944476,0.003287488805552417,0.9954008088202465,0.001110135801138929,0.00011484196756242361,8.660999809880454e-05,1.1442583306869691e-07,1.6628429270000326e-10,1.528355749818593e-11,0.003287488805552417
20.0,0.9966258850005306,0.003374114999469371,0.9952831593978618,0.0011382595614448853,0.0001177305221870469,8.66153825290153e-05,1.1995492873967737e-07,1.6629464073155987e-10,1.5284508496761135e-11,0.003374114999469371
20.5,0.9965392530966072,0.0034607469033927844,0.995165523880817,0.0011663663764563533,0.00012061630386008438,8.662075919643413e-05,1.255946869296543e-07,1.6630497386781995e-10,1.5285458126182126e-11,0.0034607469033927844
21.0,0.9964526154907106,0.0035473845092893314,0.9950479022674684,0.0011944562547427375,0.00012349931494654628,8.662612809397336e-05,1.3134385715018175e-07,1.663152920950109e-10,1.5286406385184814e-11,0.0035473845092893314
21.5,0.9963659721908812,0.0036340278091187782,0.9949302945561732,0.001222529204869265,0.00012637955780945648,8.663148921467194e-05,1.3720120166780657e-07,1.663255953996052e-10,1.528735327252764e-11,0.0036340278091187782
22.0,0.9962793232051659,0.003720676794834103,0.9948127007452878,0.001250585235396985,0.00012925703480985392,8.66368425516942e-05,1.4316549537484942e-07,1.663358837683175e-10,1.5288298786991266e-11,0.003720676794834103
22.5,0.9961926685416184,0.003807331458381628,0.9946951208331695,0.001278624354882773,0.00013213174830679455,8.66421880983286e-05,1.4923552566149482e-07,1.663461571881026e-10,1.5289242927378417e-11,0.003807331458381628
23.0,0.9961060082082989,0.00389399179170114,0.9945775548181753,0.0013066465718793324,0.0001350037006573528,8.664752584798633e-05,1.554100922891761e-07,1.6635641564615254e-10,1.5290185692513602e-11,0.00389399179170114
23.5,0.996019342213274,0.0039806577867260145,0.994460002698663,0.0013346518949351955,0.00013787289421662334,8.665285579420011e-05,1.6168800726524245e-07,1.663666591298943e-10,1.5291127081242915e-11,0.0039806577867260145
24.0,0.9959326705646167,0.004067329435383338,0.99434246447299,0.0013626403325947267,0.00014073933133772266,8.665817793062294e-05,1.6806809471889512e-07,1.6637688762698744e-10,1.5292067092433796e-11,0.004067329435383338
24.5,0.995845993270406,0.004154006729594025,0.994224940139514,0.0013906118933981236,0.00014360301437179077,8.666349225102676e-05,1.7454919077837985e-07,1.6638710112532151e-10,1.5293005724974812e-11,0.004154006729594025
25.0,0.995759310338727,0.004240689661272946,0.9941074296965936,0.0014185665858814202,0.00014646394566799294,8.666879874930131e-05,1.811301434494229e-07,1.6639729961301387e-10,1.5293942977775455e-11,0.004240689661272946
25.5,0.995672621777671,0.004327378222329033,0.9939899331425867,0.001446504418576487,0.00014932212757352116,8.667409741945283e-05,1.8780981249489773e-07,1.6640748307840703e-10,1.5294878849765885e-11,0.004327378222329033
26.0,0.9955859275953346,0.004414072404665404,0.9938724504758516,0.001474425400011035,0.00015217756243359593,8.66793882556029e-05,1.9458706931571065e-07,1.6641765151006655e-10,1.5295813339896758e-11,0.004414072404665404
26.5,0.9954992277998205,0.00450077220017948,0.9937549816947471,0.0015023295387086167,0.00015503025259146796,8.668467125198721e-05,2.0146079683289208e-07,1.6642780489677867e-10,1.5296746447138985e-11,0.00450077220017948
27.0,0.9954125223992369,0.004587477600763092,0.993637526797632,0.0015302168431886281,0.00015788020038841967,8.668994640295439e-05,2.0842988937088213e-07,1.6643794322754793e-10,1.5297678170483526e-11,0.004587477600763092
27.5,0.9953258114016974,0.0046741885983026,0.9935200857828652,0.001558087321966311,0.00016072740816376694,8.66952137029648e-05,2.154932525419978e-07,1.664480664915949e-10,1.5298608508941192e-11,0.0046741885983026
28.0,0.995239094815321,0.004760905184679005,0.9934026586488058,0.0015859409835527543,0.00016357187825486073,8.67004731465894e-05,2.2264980313207004e-07,1.6645817467835408e-10,1.5299537461542428e-11,0.004760905184679005
28.5,0.995152372648232,0.004847627351768057,0.9932852453938137,0.0016137778364548985,0.00016641361299708882,8.670572472850867e-05,2.2989846898723915e-07,1.6646826777747154e-10,1.5300465027337112e-11,0.004847627351768057
29.0,0.9950656449085596,0.004934355091440362,0.9931678460162481,0.0016415978891755334,0.00016925261472387721,8.67109684435112e-05,2.3723818890189584e-07,1.6647834577880267e-10,1.530139120539435e-11,0.004934355091440362
29.5,0.9949789116044385,0.005021088395561498,0.9930504605144688,0.001669401150213304,0.00017208888576669205,8.671620428649292e-05,2.446679125077577e-07,1.6648840867241008e-10,1.530231599480227e-11,0.005021088395561498
30.0,0.9948921727440079,0.005107827255992117,0.9929330888868358,0.0016971876280627107,0.00017492242845504108,8.67214322524557e-05,2.521866001640683e-07,1.6649845644856155e-10,1.5303239394667842e-11,0.005107827255992117
30.5,0.994805428335412,0.0051945716645880515,0.9928157311317094,0.0017249573312141113,0.0001777532451164754,8.672665233650642e-05,2.597932228489086e-07,1.665084890977276e-10,1.5304161404116664e-11,0.0051945716645880515
31.0,0.9947186783867996,0.005281321613200421,0.9926983872474499,0.0017527102681537236,0.00018058133807659105,8.673186453385578e-05,2.6748676205160837e-07,1.665185066105796e-10,1.5305082022292777e-11,0.005281321613200421
31.5,0.9946319229063243,0.005368077093675736,0.9925810572324175,0.0017804464473636268,0.00018340670965903057,8.67370688398172e-05,2.752662096662476e-07,1.6652850897798767e-10,1.5306001248358467e-11,0.005368077093675736
32.0,0.994545161902144,0.005454838097856,0.9924637410849736,0.0018081658773217647,0.00018622936218548489,8.674226524980586e-05,2.8313056788623603e-07,1.665384961910185e-10,1.5306919081494078e-11,0.005454838097856
32.5,0.9944583953824212,0.005541604617578811,0.9923464388034787,0.001835868566501946,0.00018904929797569465,8.674745375933752e-05,2.9107884909996004e-07,1.6654846824093331e-10,1.5307835520897818e-11,0.005541604617578811
33.0,0.9943716233553226,0.005628376644677464,0.9922291503862942,0.0018635545233738479,0.0001918665193474521,8.675263436402753e-05,2.9911007578748647e-07,1.6655842511918593e-10,1.530875056578558e-11,0.005628376644677464
33.5,0.994284845829019,0.005715154170981046,0.9921118758317813,0.0018912237564030158,0.00019468102861660246,8.675780705958978e-05,3.0722328041831205e-07,1.665683668174206e-10,1.5309664215390745e-11,0.005715154170981046
34.0,0.9941980628116854,0.005801937188314544,0.9919946151383016,0.0019188762740508685,0.0001974928280970459,8.676297184183565e-05,3.154175053501489e-07,1.665782933274702e-10,1.5310576468964028e-11,0.005801937188314544
34.5,0.994111274311501,0.00588872568849893,0.9918773683042166,0.0019465120847746973,0.00020030192010073877,8.676812870667297e-05,3.236918027287341e-07,1.665882046413541e-10,1.5311487325773244e-11,0.00588872568849893
35.0,0.9940244803366487,0.005975519663351269,0.9917601353278884,0.00197413119702767,0.0002031083069376956,8.677327765010509e-05,3.320452343886541e-07,1.6659810075127623e-10,1.5312396785103192e-11,0.005975519663351269
35.5,0.9939376808953152,0.0060623191046848095,0.9916429162076792,0.0020017336192588316,0.00020591199091599054,8.677841866822983e-05,3.404768717551738e-07,1.666079816496233e-10,1.5313304846255427e-11,0.0060623191046848095
36.0,0.9938508759956909,0.006149124004309077,0.9915257109419511,0.0020293193599131075,0.00020871297434175894,8.67835517572385e-05,3.489857957470588e-07,1.6661784732896272e-10,1.531421150854812e-11,0.006149124004309077
36.5,0.9937640656459701,0.006235934354029968,0.9914085195290665,0.0020568884274313032,0.00021151125951919905,8.678867691341486e-05,3.5757109668038265e-07,1.6662769778204073e-10,1.531511677131585e-11,0.006235934354029968
37.0,0.9936772498543501,0.00632275014564985,0.9912913419673887,0.0020844408302501108,0.00021430684875057383,8.679379413313429e-05,3.662318741733076e-07,1.6663753300178068e-10,1.5316020633909467e-11,0.00632275014564985
37.5,0.9935904286290324,0.006409571370967638,0.9911741782552799,0.002111976576802105,0.0002170997443362121,8.679890341286267e-05,3.74967237051829e-07,1.6664735298128086e-10,1.531692309569589e-11,0.006409571370967638
38.0,0.9935036019782211,0.0064963980217788994,0.9910570283911035,0.00213949567551575,0.00021988994857451066,8.680400474915555e-05,3.8377630325647575e-07,1.6665715771381308e-10,1.5317824156057968e-11,0.0064963980217788994
38.5,0.9934167699101241,0.0065832300898759355,0.9909398923732228,0.0021669981348153983,0.00022267746376193552,8.680909813865714e-05,3.9265819974995366e-07,1.6666694719282049e-10,1.5318723814394282e-11,0.0065832300898759355
39.0,0.9933299324329521,0.006670067567047874,0.9908227702000009,0.0021944839631212946,0.00022546229219302377,8.681418357809942e-05,4.016120624257251e-07,1.6667672141191589e-10,1.5319622070119005e-11,0.006670067567047874
39.5,0.9932430895549192,0.006756910445080759,0.990705661869802,0.0022219531688495793,0.00022824443616038527,8.681926106430122e-05,4.106370360175145e-07,1.666864803648802e-10,1.5320518922661738e-11,0.006756910445080759
40.0,0.9931562412842424,0.006843758715757629,0.9905885673809894,0.0022494057604122842,0.00023102389795470377,8.682433059416727e-05,4.197322740097288e-07,1.6669622404566024e-10,1.5321414371467317e-11,0.006843758715757629
40.5,0.9930693876291414,0.006930612370858615,0.9904714867319279,0.002276841746217343,0.0002338006798647393,8.682939216468735e-05,4.288969385487874e-07,1.6670595244836738e-10,1.5322308415995705e-11,0.006930612370858615
41.0,0.992982528597839,0.007017471402161012,0.9903544199209809,0.0023042611346685855,0.00023657478417732895,8.683444577293532e-05,4.3813020035534695e-07,1.667156655672756e-10,1.5323201055721776e-11,0.007017471402161012
41.5,0.9928956641985607,0.0071043358014393765,0.9902373669465134,0.0023316639341657455,0.0002393462131773891,8.683949141606833e-05,4.4743123863741794e-07,1.6672536339681983e-10,1.5324092290135204e-11,0.0071043358014393765
42.0,0.9928087944395344,0.0071912055604656,0.9901203278068897,0.0023590501531044585,0.00024211496914791674,8.684452909132584e-05,4.5679924100435874e-07,1.6673504593159426e-10,1.532498211874028e-11,0.0071912055604656
42.5,0.992721919328991,0.007278080671008996,0.9900033025004746,0.0023864197998762662,0.0002448810543699911,8.68495587960289e-05,4.6623340338174194e-07,1.667447131663507e-10,1.5325870541055763e-11,0.007278080671008996
43.0,0.9926350388751636,0.007364961124836384,0.9898862910256335,0.002413772882868619,0.00024764447112277555,8.685458052757911e-05,4.757329299270825e-07,1.66754365095997e-10,1.5326757556614754e-11,0.007364961124836384
43.5,0.9925481530862879,0.007451846913712165,0.9897692933807315,0.002441109410464876,0.0002504052216835187,8.685959428345795e-05,4.852970329464186e-07,1.6676400171559514e-10,1.532764316496451e-11,0.007451846913712165
44.0,0.9924612619706016,0.0075387380293983975,0.9896523095641334,0.0024684293910443057,0.00025316330832755624,8.686460006122577e-05,4.949249328117372e-07,1.6677362302035975e-10,1.5328527365666292e-11,0.0075387380293983975
44.5,0.9923743655363451,0.007625634463654894,0.9895353395742057,0.002495732832982094,0.00025591873332831295,8.686959785852114e-05,5.046158578792378e-07,1.6678322900565671e-10,1.5329410158295268e-11,0.007625634463654894
45.0,0.9922874637917607,0.007712536208239276,0.9894183834093135,0.0025230197446493383,0.00025867149895730346,8.687458767305981e-05,5.143690444084202e-07,1.6679281966700123e-10,1.5330291542440305e-11,0.007712536208239276
45.5,0.9922005567450929,0.007799443254907069,0.9893014410678229,0.0025502901344130555,0.00026142160748413446,8.687956950263412e-05,5.24183736481995e-07,1.6680239500005646e-10,1.533117151770386e-11,0.007799443254907069
46.0,0.9921136444045883,0.007886355595411777,0.9891845125481006,0.0025775440106361827,0.00026416906117650643,8.688454334511206e-05,5.340591859266036e-07,1.668119550006319e-10,1.5332050083701845e-11,0.007886355595411777
46.5,0.992026726778495,0.007973273221504939,0.9890675978485121,0.002604781381677575,0.00026691386230021455,8.688950919843643e-05,5.439946522343403e-07,1.6682149966468172e-10,1.5332927240063437e-11,0.007973273221504939
47.0,0.9919398038750638,0.008060196124936239,0.9889506969674247,0.0026320022558920146,0.00026965601311915106,8.689446706062425e-05,5.53989402485071e-07,1.668310289883036e-10,1.5333802986430996e-11,0.008060196124936239
47.5,0.9918528757025464,0.008147124297453543,0.9888338099032047,0.0026592066416302063,0.00027239551589530617,8.689941692976573e-05,5.64042711269536e-07,1.668405429677367e-10,1.5334677322459888e-11,0.008147124297453543
48.0,0.991765942269197,0.008234057730803003,0.9887169366542193,0.0026863945472387837,0.0002751323728887703,8.690435880402368e-05,5.741538606132342e-07,1.6685004159936064e-10,1.533555024781837e-11,0.008234057730803003
48.5,0.9916790035832709,0.008320996416729102,0.9886000772188352,0.002713565981060308,0.00027786658635773503,8.69092926816326e-05,5.843221399010758e-07,1.6685952487969365e-10,1.5336421762187423e-11,0.008320996416729102
49.0,0.9915920596530252,0.008407940346974755,0.9884832315954205,0.002740720951433274,0.00028059815855849545,8.69142185608981e-05,5.945468458027995e-07,1.6686899280539146e-10,1.533729186526066e-11,0.008407940346974755
49.5,0.9915051104867186,0.008494889513281353,0.9883663997823421,0.002767859466692107,0.0002833270917454509,8.691913644019597e-05,6.048272821991435e-07,1.6687844537324547e-10,1.533816055674415e-11,0.008494889513281353
50.0,0.9914181560926112,0.008581843907388852,0.9882495817779678,0.002794981535167169,0.0002860533881711072,8.692404631797156e-05,6.151627601087658e-07,1.6688788258018157e-10,1.5339027836356326e-11,0.008581843907388852
50.5,0.9913311964789642,0.008668803521035834,0.9881327775806658,0.0028220871651847587,0.000288777050086078,8.692894819273896e-05,6.255525976159029e-07,1.6689730442325869e-10,1.5339893703827822e-11,0.008668803521035834
51.0,0.9912442316540404,0.008755768345959576,0.9880159871888039,0.002849176365067114,0.0002914980797390863,8.69338420630803e-05,6.359961197987624e-07,1.6690671089966727e-10,1.5340758158901357e-11,0.008755768345959576
51.5,0.9911572616261038,0.008842738373896122,0.9878992106007505,0.002876249143132413,0.0002942164793769662,8.69387279276451e-05,6.464926586586391e-07,1.6691610200672802e-10,1.534162120133161e-11,0.008842738373896122
52.0,0.9910702864034197,0.008929713596580346,0.987782447814874,0.002903305507694778,0.00029693225124466436,8.694360578514942e-05,6.57041553049751e-07,1.6692547774189034e-10,1.5342482830885086e-11,0.008929713596580346
52.5,0.990983305994254,0.009016694005746024,0.9876656988295434,0.0029303454670642757,0.0002996453975852417,8.694847563437529e-05,6.676421486097838e-07,1.6693483810273123e-10,1.534334304734e-11,0.009016694005746024
53.0,0.9908963204068741,0.00910367959312589,0.9875489636431269,0.0029573690295469184,0.0003023559206398747,8.695333747416986e-05,6.782937976911394e-07,1.669441830869536e-10,1.5344201850486126e-11,0.00910367959312589
53.5,0.9908093296495483,0.00919067035045172,0.9874322422539944,0.0029843762034446704,0.00030506382264785744,8.69581913034449e-05,6.889958592928819e-07,1.6695351269238542e-10,1.5345059240124737e-11,0.00919067035045172
54.0,0.9907223337305456,0.009277666269454369,0.9873155346605147,0.0030113669970554435,0.0003077691058466028,8.696303712117597e-05,6.997476989933699e-07,1.6696282691697774e-10,1.5345915216068398e-11,0.009277666269454369
54.5,0.9906353326581362,0.00936466734186386,0.9871988408610572,0.0030383414186731035,0.00031047177247164404,8.696787492640172e-05,7.105486888835739e-07,1.669721257588039e-10,1.5346769778140906e-11,0.00936466734186386
55.0,0.9905483264405905,0.009451673559409436,0.9870821608539917,0.0030652994765874714,0.00031317182475663663,8.697270471822337e-05,7.21398207501067e-07,1.669814092160581e-10,1.534762292617716e-11,0.009451673559409436
55.5,0.9904613150861804,0.009538684913819621,0.9869654946376878,0.0030922411790843237,0.0003158692649333597,8.697752649580392e-05,7.32295639764685e-07,1.6699067728705399e-10,1.534847466002303e-11,0.009538684913819621
56.0,0.9903742986031777,0.009625701396822292,0.986848842210516,0.0031191665344453986,0.0003185640952317176,8.698234025836754e-05,7.43240376909848e-07,1.6699992997022363e-10,1.5349324979535256e-11,0.009625701396822292
56.5,0.9902872769998553,0.009712723000144726,0.9867322035708462,0.0031460755509483906,0.0003212563178797414,8.698714600519888e-05,7.542318164245358e-07,1.6700916726411592e-10,1.5350173884581306e-11,0.009712723000144726
57.0,0.9902002502844863,0.009799749715513666,0.9866155787170487,0.0031729682368669587,0.0003239459351035905,8.699194373564246e-05,7.652693619859136e-07,1.6701838916739559e-10,1.5351021375039288e-11,0.009799749715513666
57.5,0.9901132184653446,0.009886781534655387,0.9864989676474943,0.003199844600470727,0.0003266329491275543,8.699673344910205e-05,7.763524233975981e-07,1.670275956788419e-10,1.535186745079783e-11,0.009886781534655387
58.0,0.9900261815507042,0.009973818449295752,0.9863823703605539,0.0032267046500252853,0.0003293173621740538,8.700151514504e-05,7.874804165275594e-07,1.6703678679734746e-10,1.535271211175597e-11,0.009973818449295752
58.5,0.9899391395488397,0.010060860451160263,0.9862657868545982,0.0032535483937921918,0.0003319991764636428,8.700628882297662e-05,7.986527632466508e-07,1.6704596252191689e-10,1.5353555357823025e-11,0.010060860451160263
59.0,0.9898520924680259,0.010147907531974129,0.9861492171279985,0.003280375840028975,0.00033467839421500985,8.701105448248956e-05,8.098688913677626e-07,1.6705512285166578e-10,1.5354397188918516e-11,0.010147907531974129
59.5,0.9897650403165377,0.01023495968346232,0.9860326611791262,0.0033071869969891364,0.0003373550176449798,8.701581212321325e-05,8.211282345855908e-07,1.6706426778581944e-10,1.535523760497202e-11,0.01023495968346232
60.0,0.9896779831026504,0.01032201689734962,0.985916119006353,0.0033339818729221505,0.0003400290489685151,8.702056174483822e-05,8.324302324170161e-07,1.6707339732371174e-10,1.5356076605923104e-11,0.01032201689734962
60.5,0.9895909208346393,0.01040907916536069,0.9857995906080504,0.0033607604760734692,0.00034270049039871766,8.702530334711052e-05,8.437743301420867e-07,1.6708251146478393e-10,1.5356914191721177e-11,0.01040907916536069
61.0,0.9895038535207799,0.010496146479220118,0.9856830759825906,0.003387522814684522,0.00034536934414683017,8.703003692983117e-05,8.55159978745599e-07,1.6709161020858344e-10,1.5357750362325425e-11,0.010496146479220118
61.5,0.9894167811693475,0.010583218830652476,0.9855665751283457,0.003414268896992718,0.0003480356124222377,8.703476249285552e-05,8.66586634859269e-07,1.6710069355476285e-10,1.535858511770466e-11,0.010583218830652476
62.0,0.9893297037886176,0.010670296211382373,0.9854500880436876,0.0034409987312314485,0.0003506992974324694,8.703948003609267e-05,8.780537607044899e-07,1.6710976150307875e-10,1.5359418457837266e-11,0.010670296211382373
62.5,0.9892426213868655,0.010757378613134515,0.9853336147269897,0.003467712325630091,0.0003533604013832,8.704418955950498e-05,8.895608240356706e-07,1.6711881405339062e-10,1.536025038271107e-11,0.010757378613134515
63.0,0.9891555339723662,0.010844466027633745,0.9852171551766239,0.0034944096884140046,0.00035601892647825115,8.704889106310733e-05,9.01107298084144e-07,1.671278512056596e-10,1.536108089232323e-11,0.010844466027633745
63.5,0.9890684415533949,0.01093155844660511,0.9851007093909635,0.0035210908278045395,0.00035867487491959333,8.705358454696673e-05,9.126926615026485e-07,1.671368729599475e-10,1.5361909986680163e-11,0.01093155844660511
64.0,0.9889813441382261,0.011018655861773903,0.9849842773683816,0.0035477557520190344,0.0003613282489073471,8.705827001120168e-05,9.243163983103682e-07,1.6714587931641589e-10,1.536273766579743e-11,0.011018655861773903
64.5,0.9888942417351343,0.011105758264865722,0.9848678591072514,0.0035744044692708203,0.0003639790506397849,8.70629474559816e-05,9.359779978385301e-07,1.6715487027532468e-10,1.536356392969963e-11,0.011105758264865722
65.0,0.9888071343523935,0.011192865647606513,0.9847514546059465,0.003601036987769221,0.00036662728231333234,8.706761688152634e-05,9.476769546765538e-07,1.6716384583703134e-10,1.536438877842033e-11,0.011192865647606513
65.5,0.9887200219982774,0.01127997800172263,0.9846350638628405,0.0036276533157195575,0.00036927294612256996,8.707227828810557e-05,9.594127686187442e-07,1.6717280600198976e-10,1.5365212212001935e-11,0.01127997800172263
66.0,0.9886329046810591,0.011367095318940874,0.9845186868763073,0.0036542534613231465,0.00037191604426023466,8.707693167603831e-05,9.711849446115262e-07,1.6718175077074916e-10,1.5366034230495615e-11,0.011367095318940874
66.5,0.9885457824090115,0.011454217590988552,0.984402323644721,0.0036808374327773055,0.0003745565789172214,8.708157704569239e-05,9.829929927012121e-07,1.6719068014395323e-10,1.536685483396122e-11,0.011454217590988552
67.0,0.9884586551904064,0.011541344809593516,0.9842859741664558,0.003707405238275352,0.0003771945522825844,8.708621439748379e-05,9.948364279822987e-07,1.6719959412233884e-10,1.536767402246714e-11,0.011541344809593516
67.5,0.9883715230335158,0.011628476966484221,0.9841696384398863,0.0037339568860066084,0.00037982996654353904,8.709084373187638e-05,1.0067147705462882e-06,1.6720849270673525e-10,1.536849179609027e-11,0.011628476966484221
68.0,0.9882843859466103,0.011715614053389767,0.9840533164633869,0.0037604923841564014,0.0003824628238854633,8.709546504938118e-05,1.0186275454310264e-06,1.6721737589806312e-10,1.5369308154915883e-11,0.011715614053389767
68.5,0.98819724393796,0.01180275606203995,0.9839370082353326,0.003787011740906065,0.00038509312649189924,8.710007835055595e-05,1.0305742825705553e-06,1.6722624369733348e-10,1.5370123099037554e-11,0.01180275606203995
69.0,0.9881100970158347,0.011889902984165306,0.9838207137540984,0.003813514964432943,0.0003877208765445546,8.710468363600464e-05,1.0425545167454713e-06,1.672350961056466e-10,1.5370936628557062e-11,0.011889902984165306
69.5,0.9880229451885029,0.011977054811497153,0.9837044330180595,0.003840002062910389,0.00039034607622330416,8.710928090637696e-05,1.0545677875337893e-06,1.6724393312419134e-10,1.5371748743584314e-11,0.011977054811497153
70.0,0.9879357884642324,0.012064211535767646,0.9835881660255914,0.0038664730445077708,0.00039296872770619163,8.711387016236781e-05,1.066613639262301e-06,1.6725275475424388e-10,1.537255944423723e-11,0.012064211535767646
70.5,0.9878486268512902,0.012151373148709817,0.9834719127750697,0.0038929279173904705,0.0003955888331694309,8.711845140471684e-05,1.0786916209584284e-06,1.6726156099716697e-10,1.53733687306417e-11,0.012151373148709817
71.0,0.9877614603579424,0.012238539642057617,0.9833556732648701,0.003919366689719887,0.00039820639478740753,8.712302463420791e-05,1.090801286302563e-06,1.6727035185440895e-10,1.5374176602931452e-11,0.012238539642057617
71.5,0.987674288992454,0.012325711007545965,0.9832394474933686,0.003945789369653437,0.00040082141473268053,8.71275898516687e-05,1.1029421935808888e-06,1.6727912732750279e-10,1.5374983061247992e-11,0.012325711007545965
72.0,0.9875871127630892,0.012412887236910794,0.9831232354589414,0.003972195965344561,0.00040343389517598377,8.713214705797016e-05,1.115113905638683e-06,1.6728788741806517e-10,1.537578810574052e-11,0.012412887236910794
72.5,0.9874999316781109,0.012500068321889084,0.983007037159965,0.003998586484942718,0.0004060438382862274,8.713669625402606e-05,1.1273159898340889e-06,1.6729663212779568e-10,1.537659173656585e-11,0.012500068321889084
73.0,0.9874127457457811,0.012587254254218916,0.9828908525948157,0.004024960936593395,0.00040865124623049964,8.714123744079256e-05,1.139548017992357e-06,1.6730536145847576e-10,1.5377393953888304e-11,0.012587254254218916
73.5,0.9873255549743605,0.012674445025639509,0.9827746817618705,0.004051319328438105,0.0004112561211740681,8.714577061926768e-05,1.1518095663605505e-06,1.673140754119679e-10,1.5378194757879654e-11,0.012674445025639509
74.0,0.9872383593721088,0.012761640627891258,0.9826585246595063,0.004077661668614386,0.0004138584652803812,8.71502957904909e-05,1.1641002155627073e-06,1.673227739902148e-10,1.537899414871903e-11,0.012761640627891258
74.5,0.9871511589472842,0.01284884105271578,0.9825423812860999,0.004103987965255808,0.00041645828071106987,8.715481295554269e-05,1.176419550555459e-06,1.6733145719523832e-10,1.5379792126592844e-11,0.01284884105271578
75.0,0.987063953708144,0.012936046291855964,0.9824262516400292,0.004130298226491978,0.00041905556962594943,8.71593221155441e-05,1.1887671605840979e-06,1.6734012502913889e-10,1.5380588691694716e-11,0.012936046291855964
75.5,0.986976743662944,0.013023256337055996,0.9823101357196715,0.0041565924604485315,0.00042165033418302037,8.716382327165627e-05,1.2011426391390873e-06,1.6734877749409453e-10,1.5381383844225383e-11,0.013023256337055996
76.0,0.9868895288199386,0.013110471180061402,0.9821940335234044,0.0041828706752471394,0.00042424257653847025,8.716831642507998e-05,1.2135455839130142e-06,1.673574145923598e-10,1.5382177584392623e-11,0.013110471180061402
76.5,0.9868023091873809,0.013197690812619093,0.9820779450496059,0.004209132879005514,0.0004268322988466753,8.717280157705526e-05,1.2259755967579786e-06,1.673660363262653e-10,1.5382969912411194e-11,0.013197690812619093
77.0,0.9867150847735225,0.01328491522647741,0.9819618702966542,0.0042353790798374084,0.0004294195032602019,8.717727872886099e-05,1.238432283643412e-06,1.6737464269821663e-10,1.538376082850275e-11,0.01328491522647741
77.5,0.9866278555866138,0.01337214441338614,0.9818458092629273,0.004261609285852612,0.00043200419192980787,8.718174788181436e-05,1.2509152546143234e-06,1.6738323371069367e-10,1.538455033289574e-11,0.01337214441338614
78.0,0.9865406216349034,0.013459378365096579,0.9817297619468037,0.004287823505156962,0.0004345863670044442,8.718620903727058e-05,1.2634241237499708e-06,1.6739180936624966e-10,1.5385338425825375e-11,0.013459378365096579
78.5,0.9864533829266384,0.013546617073361564,0.9816137283466625,0.004314021745852342,0.00043716603063125676,8.71906621966224e-05,1.2759585091229484e-06,1.674003696675106e-10,1.538612510753354e-11,0.013546617073361564
79.0,0.9863661394700645,0.013633860529935501,0.9814977084608825,0.004340204016036682,0.00043974318495558745,8.719510736129974e-05,1.288518032758689e-06,1.6740891461717422e-10,1.5386910378268707e-11,0.013633860529935501
79.5,0.9862788912734256,0.013721108726574404,0.9813817022878423,0.004366370323803959,0.00044231783212097555,8.719954453276915e-05,1.3011023205953753e-06,1.6741744421800927e-10,1.538769423828587e-11,0.013721108726574404
80.0,0.986191638344964,0.013808361655035939,0.9812657098259212,0.004392520677244203,0.0004448899742691597,8.720397371253362e-05,1.3137110024442606e-06,1.6742595847285481e-10,1.5388476687846472e-11,0.013808361655035939
80.5,0.9861043806929205,0.013895619307079462,0.9811497310734991,0.0044186550844435004,0.0004474596135400795,8.720839490213199e-05,1.3263437119503883e-06,1.6743445738461949e-10,1.538925772721836e-11,0.013895619307079462
81.0,0.986017118325534,0.013982881674466045,0.9810337660289554,0.004444773553483989,0.00045002675207187647,8.721280810313869e-05,1.3390000865537087e-06,1.674429409562805e-10,1.5390037356675672e-11,0.013982881674466045
81.5,0.9859298512510415,0.014070148748958514,0.9809178146906699,0.004470876092443864,0.0004525913920008958,8.721721331716328e-05,1.3516797674505926e-06,1.674514091908832e-10,1.5390815576498797e-11,0.014070148748958514
82.0,0.9858425794776785,0.01415742052232149,0.9808018770570226,0.00449696270939738,0.000455153535461688,8.722161054585004e-05,1.3643823995557316e-06,1.6745986209154004e-10,1.539159238697429e-11,0.01415742052232149
82.5,0.9857553030136785,0.014244696986321418,0.9806859531263937,0.004523033412414854,0.00045771318458701023,8.722599979087768e-05,1.3771076314644262e-06,1.6746829966143003e-10,1.539236778839482e-11,0.014244696986321418
83.0,0.9856680218672734,0.014331978132726603,0.9805700428971637,0.004549088209562664,0.00046027034150782797,8.723038105395888e-05,1.3898551154152549e-06,1.6747672190379792e-10,1.539314178105909e-11,0.014331978132726603
83.5,0.9855807360466927,0.014419263953307246,0.980454146367713,0.004575127108903254,0.0004628250083533163,8.723475433683994e-05,1.4026245072531212e-06,1.6748512882195352e-10,1.5393914365271787e-11,0.014419263953307246
84.0,0.9854934455601645,0.014506554439835473,0.9803382635364226,0.004601150118495132,0.0004653771872508615,8.72391196413004e-05,1.4154154663926758e-06,1.6749352041927086e-10,1.5394685541343487e-11,0.014506554439835473
84.5,0.9854061504159146,0.014593849584085376,0.9802223944016734,0.004627157246392879,0.0004679268803260627,8.724347696915272e-05,1.4282276557821079e-06,1.675018966991877e-10,1.5395455309590616e-11,0.014593849584085376
85.0,0.985318850622167,0.014681149377833038,0.9801065389618465,0.004653148500647143,0.0004704740897027332,8.724782632224186e-05,1.4410607418673042e-06,1.6751025766520473e-10,1.539622367033538e-11,0.014681149377833038
85.5,0.9852315461871435,0.014768453812856564,0.9799906972153233,0.004679123889304644,0.0004730188175029019,8.725216770244489e-05,1.4539143945563699e-06,1.6751860332088462e-10,1.539699062390569e-11,0.014768453812856564
86.0,0.9851442371190638,0.014855762880936122,0.9798748691604853,0.004705083420408178,0.00047556106584681503,8.725650111167076e-05,1.4667882871845105e-06,1.6752693366985179e-10,1.5397756170635105e-11,0.014855762880936122
86.5,0.985056923426146,0.014943076573853971,0.9797590547957143,0.0047310271019966165,0.00047810083685293744,8.726082655185985e-05,1.4796820964792678e-06,1.675352487157914e-10,1.5398520310862777e-11,0.014943076573853971
87.0,0.9849696051166055,0.01503039488339449,0.9796432541193923,0.00475695494210491,0.0004806381326379543,8.726514402498362e-05,1.4925955025261086e-06,1.6754354846244882e-10,1.5399283044933387e-11,0.01503039488339449
87.5,0.9848822821986558,0.015117717801344209,0.9795274671299014,0.004782866948764085,0.0004831729553167723,8.726945353304427e-05,1.5055281887343608e-06,1.675518329136288e-10,1.5400044373197063e-11,0.015117717801344209
88.0,0.9847949546805081,0.015205045319491841,0.9794116938256237,0.004808763130001254,0.00048570530700252134,8.727375507807446e-05,1.5184798418034971e-06,1.675601020731951e-10,1.5400804296009353e-11,0.015205045319491841
88.5,0.9847076225703717,0.015292377429628315,0.9792959342049417,0.004834643493839612,0.000488235189806556,8.727804866213689e-05,1.5314501516897567e-06,1.6756835594506945e-10,1.5401562813731134e-11,0.015292377429628315
89.0,0.9846202858764532,0.015379714123546809,0.9791801882662385,0.004860508048298441,0.0004907626058384574,8.728233428732405e-05,1.544438811573109e-06,1.6757659453323135e-10,1.540231992672858e-11,0.015379714123546809
89.5,0.9845329446069573,0.015467055393042758,0.9790644560078965,0.004886356801393106,0.0004932875572060334,8.728661195575776e-05,1.557445517824545e-06,1.6758481784171693e-10,1.5403075635373068e-11,0.015467055393042758
90.0,0.9844455987700861,0.015554401229913922,0.9789487374282994,0.004912189761135067,0.000495810046015322,8.7290881669589e-05,1.5704699699737116e-06,1.6759302587461882e-10,1.5403829940041177e-11,0.015554401229913922
90.5,0.9843582483740396,0.015641751625960366,0.9788330325258295,0.004938006935531869,0.000498330074370591,8.729514343099742e-05,1.583511870676859e-06,1.6760121863608508e-10,1.5404582841114546e-11,0.015641751625960366
